108.6 30.70% 3473 1066 47
103.8 30.40% 3365 1023 47
63.4 19.80% 4963 984 62
56 21.30% 6031 1287 119
37.9 13.60% 3385 462 43
31.4 14.10% 3598 508 69
29.2 10.70% 5706 608 95
24.5 9.50% 4730 449 69
22.8 10.20% 3912 398 68
8.8 5.20% 2695 140 69
274.2 28.70% 2820 810 8
209.9 21.80% 3342 728 10
162 27.70% 1772 491 9
156.9 17.30% 2695 465 11
118.3 17.70% 2266 401 6
90.7 16.00% 1702 272 7
17.6 13.40% 1745 234 82
12.6 16.30% 753 123 54
12.6 8.50% 2011 170 61
9.4 12.10% 1228 148 83
9.2 5.50% 2135 118 51
6.9 6.70% 1439 97 67
89.6 26.40% 1601 422 41
51.3 22.10% 1351 298 67
45.8 15.00% 1130 169 27
36.7 13.50% 1210 163 41
31.7 14.50% 1086 157 48
19.5 9.50% 1370 130 63
112.6 27.30% 1121 306 31
60.9 18.90% 1442 273 33
59.4 25.40% 819 208 38
49.2 14.00% 1619 227 31
47.3 15.30% 1475 225 38
41.9 18.60% 1299 242 38
9.9 13.70% 899 123 20
39.5 14.30% 973 139 35
29.5 12.60% 667 84 31
28.6 15.40% 855 132 33
27.9 6.00% 977 59 19
27.7 16.50% 938 155 49
26.5 15.40% 1075 166 60
14.5 7.70% 1409 108 62
141.1 22.80% 3956 901 28
103.8 20.10% 3884 782 41
65.1 18.20% 3352 611 50
46.5 14.60% 2587 377 40
42.5 14.40% 3778 543 74
34.4 9.60% 2629 253 32
28.6 15.10% 2137 322 61
22.5 11.80% 3056 361 112
21.1 19.50% 998 195 75
16 13.20% 2298 304 118
112.6 27.30% 1121 306 31
92.8 22.10% 2028 448 45
60.9 18.90% 1442 273 33
59.4 25.40% 819 208 38
49.2 14.00% 1619 227 31
47.3 15.30% 1475 225 38
41.9 18.60% 1299 242 38
39.9 13.70% 899 123 20
39.5 14.30% 973 139 35
29.5 12.60% 667 84 31
28.6 15.40% 855 132 33
27.9 6.00% 977 59 19
27.7 16.50% 938 155 49
26.5 15.40% 1075 166 60
14.5 7.70% 1409 108 62
70.8 20.10% 3509 704 40
55.8 15.80% 4771 753 54
47.6 16.70% 3526 589 59
47.5 15.20% 3184 484 42
24.7 10.30% 3481 359 66
24.4 14.50% 2365 343 68
89 15.30% 1480 227 17
60.5 20.90% 1047 219 44
54.3 20.30% 759 154 34
46.8 19.70% 623 123 30
41.8 14.30% 1048 150 39
41 13.60% 1055 144 36
39.4 11.20% 983 110 22
39.2 13.70% 957 131 31
18.9 9.60% 697 67 38
9.9 6.40% 547 35 30
92.7 14.30% 650 93 1
90.9 10.80% 1209 130 1
70.1 10.60% 1420 151 4
25 11.80% 552 65 11
19.2 9.30% 1038 97 23
14.5 16.20% 142 23 4
93.6 15.20% 3990 607 25
70.2 17.50% 2197 384 24
63.5 20.20% 1851 373 20
53.6 20.20% 2415 488 42
19.5 7.90% 1581 125 19
18.4 10.00% 1534 154 42
16.6 10.00% 818 82 15
9.8 8.40% 843 71 25
